12
12
0 0 0 0
0 1 0 0
0 2 0 0
0 3 0 5
0 4 0 7
0 5 0 0
0 6 0 0
0 7 0 15
0 8 0 7
0 9 0 8
0 10 0 0
0 11 0 0
1 0 0 0
1 1 0 0
1 2 4 15
1 5 0 0
1 6 10 6
1 10 0 8
1 11 0 0
2 0 0 0
2 1 7 7
2 5 15 6
2 11 0 4
3 0 3 0
3 3 10 0
3 8 0 0
3 9 3 20
4 0 5 0
4 3 0 10
4 4 6 10
4 8 6 18
5 0 15 0
5 6 8 0
5 10 0 33
5 11 0 0
6 0 0 0
6 1 8 0
6 5 0 35
6 6 0 0
6 7 20 9
6 11 0 23
7 0 0 0
7 1 0 17
7 2 19 24
7 6 35 10
8 0 20 0
8 4 12 0
8 8 0 6
8 9 15 0
9 0 16 0
9 3 0 17
9 4 12 15
9 9 16 7
10 0 0 0
10 1 35 0
10 7 12 0
10 11 0 0
11 0 0 0
11 1 0 0
11 2 24 0
11 6 0 0
11 7 6 0
11 10 0 0
11 11 0 0
